11. 111111111 LOOORUM 13101110111111. 117

omn). 0011011121

vers.

' 1115.

Ι1116.
1111.

' 1118.
1132.

1132-1136.

1133.
1134.
1135.
1139.
1142.
1148.
1153.
1112.

1189- 1194.

1196. -
1192.
1193.
1264. Ι
1269.
1216.
1211.
1219.
1221.
1225 sq.

1229-1232.

1236.
12:111
1235 sq.
1219.
1250.
1251.
1265.
1266.
1268.
1216.
1286 sq.
1292 sq.
1305-1301

1308-1313.

1369.
1323. ·
1326 sq.

nl'

631.
266.
661.
246. 661.
. 246.

661.
246.
619.

329.

659.
216.
619.

623.
266. 362.
661.

329.

251. 286.
286.
132, 619,

329. 619

619.
362, 334.
658.

216.
321.
661.
686.
281.
623.
619.
329. 623.

623.
642. 661. 619. 689.
266. 329. 642. 661.
325.
269.
623.
286.
361.
210.

“ 211.

302.

411. 612.

ΟΕΒΙΡ. COLONEI

vers.
1333.

1331.
1333.
1313.
1351. '
1353.
1353.
1313.
1311.
1330.
1331.
1333.
1330.
1465 sq.
1113.
1111.
1111 sqq.
1113.
1113.
1121.
1123.
1131.
1135.

1436.
1442.
1443.
1443-1456.

1441 -ν.1456.

1451).
1451-1453.
1453.

1454.

1455.

1462 - 1411.
1466.

1466 sqq.
1461.

1468,

1469.

1111.

1486.

1488.

nr.

332. 334. 661. 619.
332. 661.
215.

225.

641,

215. 661.
661.

619.

246. 329.
214. 619.
236. 214. 619.
661.

215. 661.
619.

619.

’ 336.
661.

2611. 293. 661.
215. 293.
215.

246.

125.

266. 263. 215. 219.
661. 619.

214. 215. 329. 619.
292.

661. 619.
631.

255.

125.

661.

“’ 329.

255. 212, 215, 652.
212, 652.
255.

255.

661.

255.

321. 329.
329.

225.

233, 286.
619.

 

