129 . 11. 10717911 009019011 29909127091701.

9999999999 ’ . 2911100912129

vers. nr. nl'.
419. 729. 729. . 270. 712.
117. 299. 729. 299.
121. 291. 929. . ' 791.
129. 299, 292. 292. 919. ·· 999.

929. 291. . 794. 729.

431. 727. 279. 391. 729.
433. 324. 291. 729.

199. . 299. . 709.
199. 929. 709. 729.
119. 299. . 290.
119. 919. 729. . 291.
119. x 729. ¹ . 999. 709. 729.
199. 909. . 709.
499. 909. 929. . 291. 709. 721.
199. 729. ·. 709. 729.
199. 299. 709. . 709. 729.
199-190. 909. 709.
191. , 291.711.729. 192. 290. 709. 721.
499. 729. 709.
199. 929. . 709.
902. 929. 217.
999, 929. 291. 729.
910 sq. 790. 709.
912. 299· 291. 929. 709.
920. 920. . 709.
999. 929. 999. 729.
999. 229. 7 . 990. 709.
999-v. 911. 790. 999. 709.
910. 929. 929.
,999 929. 729.
999. 729. 719. 729.
999. ¹ 291. 227. 721. 729.
972. ’ 929. 729. . 997.
999. ’ 929. 729.
909. 291. , · 227.
029. 929. . 917. 929.
911. 217. 229.
912. >229. 929. 722.
019. 729. 909. .
696. 299. 229.
017. 729. . 729.
999. 229. 721. 291. 909.
090. 929. . 909.

 

