122 11. 1391121203013111121119111031111.

PHILOCTE'I'AE TRACHINIARUM

vers. nr. VOI‘S. nr.
1233. 223. 1. 113.
1233. 329. 11. 290. 311.
1219. 323. 12. 233.
1299. 130. 13. 133.
1303. 329.! 11. 233.
1322. 123. 11. 323. 329. 119.
1330. 225. 3310 21. 323.
1331. 329. 23. 311. 323.
1335. ' 213. 21. 331.
1331. 223. 29. 902. 323133.
1362-11. 1331. 2111. 99. 392. 323. 133.
1333. 231. 31. 133.
1391. 231. 13. 131.
1319. 123. 13. 119.
1333. 329. 233.
1333. 329. . 329. 119.

1391-1393. 223. ' . 233.

1393.
1391.
1102.
1112. ’
’ 1113.
1119.
1129.
1123 sq.
1131.
1133.
1131.
1131- 1111.
1119.

¹ 1119-1111.

1111.
1112.
1112-1111.
1113.
1152.
1151.
1156.
1161.

1477-11. 1119.

221. 225. 723. .

723.
323. 130.

722. .
123. .
723. 139. .

329. 139.
· · 328.
722.
722.
722.
199.
723.
2711.

723. .
223. .

329.
223.

323.

722.
722.

722. ,Ι
293. ¹.

11-19.

19-35.

323. 331.

299. 323. 329.
113.

211. 329. 133.
239.

113.

311.

233. 329. 113.

111. 119.

119.

233. 311. 331. 133.
219.

223. 211. 231. 311.
329. 113.

231. 113.

329.

119. 131.

221. 311. 329. 133.
133.

1111.

323.

193.

131.

131.

113.

131.

 

