124 11. 11111113 ὅὸἷῧῆὗῖἶ 1340142013011.

TRAOHIN'IARUM TRAOHINIARUM

’ vers. nr. vers. nr .

041- 654.
651.
653.
654.

’ 660.
661 sq.
662.
678.
680.
084.
689.

690.
696.
697.
700.
716 sq.
113.
123.
738.
745.
140.
148.
766.
775.
777.
119-v. 132.
131.
782.
801 sq.
805.
808.
817 sq.
821 -1·. 860.
824 sq.
820.
830.
831.
835.
837. ·
838.
810.
851.

155.

255.

255. 329.
125. 143.
141.

255. 136.-
153.

329.

159.

329.

125. 220. 1511, 311.
134.

143.

329.

222.

153,

329. 131.
215.

934.

133.
329.

231.

. 149.
133.

133.

334.

151.

230. 311. 334.
329.

119.

133.
220.

149.

135.

, 141.
119.

329.
311. 155.
155.
329. 155.
, ’ 155.
155.

329.

856 sq.
800. «
875-895.’
319.

884.

885.

893.

896.

³. 903.
904.

901.
910.
911.
913.
929.
933.
941.
913.
955 sq.
900.
934.
939.
912.

913-0. 1004.

931 sq.
931.
933.
992.
999.

1003.

1005.

1010.

1013.

1013.

1019.

1020.

1023.

0032.

1035.

1043.

1043-1102.

1041.
1060.

215.
303.
255.
329.
149.
311.
311.
313.

233.

133„

200.

315. 140.
315. 329. 140.
214.

130.

224.

325.

235. 231.
315.

133.

133.

255.

329.

140.

214.

115.

133, 329.
133.

133.

133.

255. 329.
231.

130.

115. 331.

· 214. 329. 131. 758.

329.

245.

245. 320.

214. 329.

230. 334. 736. 747.
741.

329.

281. 736.

 

