11. INDEX LOCORUM 2330312010001.

031213. 33333

3333
439.
435- 143.
135sq.
033.
445sq.
433-512.
478.

483.

484.

485.
137sq.
489 sq.
491.

492.

493.

494 sq..x
497-512.
499.

591.

595.

596.

598.
515sq.
507.
513sq.
522.

523.

525.

539.

532.

533.

537.

533.

537 - 582.
551 3q.
562 3q.
503.

565.

566. .
567.

572.

573.

574.

nl'.

271.
233.
573.
233. 573.
573.
570.
275. 230. 323 531. 533.
321. 573.
321.
570.
533.
573.
Ἴ 535.
553.
5313.
533.
570.
570.
551.
333. 573.
573.
323. 5312.
320.
333. -
573.
323.
551. 535.
573.
553.
335.
573. 507.
573.
320.
233.
503.
573.
534.
534. 535.
535. 533.
323. 533.
553. 573.
553.
551.

671.

199

OEDIP· 1313313

nr.

244. 230. 323. 312. .
253. 573.
244. 573.
213. 311.
573. 533.
573. 598,
299.
573.
573.
573.
329.
573.
246.
573.

573. 698.
258.
233.

vers.

579.

581.

582.

533.

584.

585.

586.

587 sq.
599 sq.
596 sq.
533.

599.

699.

303.

694.

699 sq.
311-315.
612.

613. “
614.

615.

629.
622-639. ’
622- 625.
622.

623.

624.

625.

626.-

628.

637.

639.

649.

655.

656.

657.
66933.
668.

679.

533.
543. 533.

519.

535,

233.

307.

501. 573.

531. 573. 533.
333. 274. 513. 533. 535.
233. 213. 273. 535.
233.

311.

535.

531.¹

320. 530.

573.

573. 535.

535.

535.

227.

323.

274.

323.

230.

213.

676- 724.
331.
032.

 

321. ⁸

