11· 11111111 1111111111 11111111111111. 103

moram mcum

vers. nr. 1111. nr.
32. 282. 496. 182. 510.
33. 282. 185. 529.
33. 213 188. 529.

193. 501. 512.
194. 512.
197. 125.
207. 510.

11. 111. 282. 318
¹ 13. 115111. 111. 511.
11. 111, 511

48. 296
211. 275.

214. 267. 512. 532. 535.
215. 510. 512. 532.
219. 532.

51. 219
54. 286
57. · 302
61 -66, 282. 329
221. 219. 282. 329.
222. 282. ,
226. 527.
227. 246. 527.

72. 282. 496
76. 246
78. 527
82. 260
232. 246.
234. 275.
239. 510.
241. 282.
245. 219.
249. 302.
251-258. 282. 496.

252. 282.

11. 282.
82. 282. 321. 511.
83. 115.
. 31-33. 323.
31. 233.
111. . 511.
115. 111
111. , 111

254. 514.
255. 256.

277. 532.
278. - 323. 532.
305. 282. 510.
316. 274.
328. 245. 532.

112. 275
· 113. 275
115. 510
122. 219. 512
123. 260. 512
138. 275
139. 325
147. 510

37. 282. 132. 246. 255. 325. 501. 512.

111. 111.
151. 115 ’115. 321.
151. · 115.
151. 115. 511.
151. 115. 511.
151. 115. 111. 511.
151. 511. 151. ’151.111.
111. 511. 151. 111511.
111. 511. 111. 511.
115. 233. 383. 123. 211. 111. 238. 218.

173. 537. Ι 329. 512. 517. 532.

111. 111.] 111. 511.

336. 321.
337. 217. 246. 329. 512.

345. 512.

 

