108

vers.

211 -216,

213.
214.

216-275.

216.
217.
218.
220.
221.
224.
225.
226.
227.

’ 228.

230.
233.
233.
244 sq.
246.

246-251.

249.

249-251.

252.
255.
253 sq.
261.
263.
267.
269.

269- 272.

271.
272.
273.
253.
277.
279.
232.
293.
294.
295.
297.
305.

OEDIP. REGIS

nr. vers.

253. 305.

232. 312.

301. 315.

551. 555. 533. 553. 320.

5312311. 323.

334. 544. 553. 554. 305. 324.

233. 323. 551. 505. . 325.

323.

1449.

553. 534. 533. 301. 1 323.
554. 553. 534. 533. 304.

535. 1334.

241. 235. 444. 444. 1 335.

235311. 335.

230. 323. 530. 535. 311. 333.

551.
535. 598. 533. 611.
302. 533. 311.

5351 .
535. ¹
593. 598.
533. .
595. 354
553.
595.
593.
573.
595.
233. 549593.
239.
286.
595.
595.
586. 592.
586.
584.

359.
330.
351.
354 sq.
376.
378 sq.
383.
390.
391 sq.
397.

411.
411.
413.
420.
421 .

323.

534.

579. 593.

5819. 611.
595. 611.

. 543.
323.

573.

424.
425.
425-438,
429.

354-379.

494-467.

' 11. 111111111 4999444444 22302120111511.

944944. 444944

nr's
553.
553.

535.

230.

553.

253. 553.

534.

313.
'mmmmm
533.

223. 243. 323. 533. 553.
5310. 533. 311„
200. 553.

553. 535.

513.

543. 554.

535.

513. 533.

533.

533.

535533.

534. 553.

233.

553.

¹ 214. 323. 553.
311.

553.

253. 234.

553.

553.

320.

553.

550. 533.

552.

233. 535.

311.

335.

323. 335.

323.

240. .

499. 449. 534. 535.
311.

231.

 

