Π. INDEX LOOORUM TRAOTATORUM.

———---

434333 , 434333
nr. vers. nr.

288. 88. 311.

388. 18888. 888.

882. 108.x 388.

218. 311. 883. 381. 388. 112. 811.
888. 121. 311.

2218388. 121. 888.

288. 138. 811.

811. 181. 231. 288.

11. 228. 388. 818. 888. 188. 821.
18. 228. 811. 818. 328. 888. 131 sq. 888.
21. 888. 188. 811.
81. 388. 181. 212.
83. 811. 113. 811.
88. 333. 182-181. 231.
18-80. 238. 188. 811.

18. 268. 369. 157. 341.
44. 341. 392. 167. 234. 272. 385.

47. 369. 168. 385.
56. 341. 169. 341.
53. 274. 172. 385.
59. 125. 231. 385. 173. 282.
66. 231. 385. 176 sq. 238, 341.
61. 341. 179. 341.
64. “ 2213. 196. 374.
68. 341. 131. 311. 282.
74-88, 239. 194. 231. 282385.
75. 369. 195. “ 231.
76. 369. 684. 197. 329. 341.
77. 341. 202. 374.

88. 311. 369. 385. 263. 231.

3
Ι 3²
μ.. -ςαθ

,Φεπειοε-ἰ-μ-ν»

*Q
ο

 

