44 1. runnu connunruurouuu.

1483. - 1) 0111. 11. 18. 37.120. 159. 180. 217. 230. 287. 297. 329.
360. 420111. 478. 508. 509. 517. 522. 567. 579. 676-724, 741. 742. 815.
832. 894. 905. 930. 943. 976. 987. 1028. 1031. 1085. 1091. 1135. 1145.
1216. 1232. 1264. 1207. 1280. 1330. 1341. 1348. 1350111. 1377. 1383.
1416. 1423. 1444. 1463. 1476. 1506. 1512. 1526. -)) 00. 45. 79. 104.
113. 118. 121. 133. 134. 175. 243. 252. 260. 218. 281. 297. 307. 315.
321. 327111. 363. 367. 380, 391. 402. 415. 453. 458. 460. 475. 480. 502.

522. 524. 535. 554. 570. 588. 655. 658. 702111. 721. 749. 771. 783. 805.
813. 861. 912. 1003. 1011. 1013. 1019.1021.1036.1043.1055. 1076.
1084. 1098. 1118. 1135. 1209.Ι 1250. 12661371. 1436. 1453. 1468111.
1490. 1534. 1536-1538.“156011]. 1565. 1574. 1579. 1584. 1032.1o4o.
1111. 1193. 1111. 1111. 1111. 1111. 1111. -unna 1. 4. 1. 14. 11. 11.
81. 112. 122. 130. 138. 151. 156. 167. 212. 215. 241. 281. 299. 300. 326.
362. 382. 386. 414. 436. 467. 575. 578. 586. 594. consonent. 606.
614622. 627. 705. 757. 760. 775. 838. 851. 856. 931. 100210131629.
1034. 1138. 1158. 11791203. 1225. 1232. 1236. 1301. 1348. -1111, 47.
55. 57. 77. 80. 94. 140. 145. 188. 196. 214. 313. 322. 331. 363. 379111.
383. 419. 433. 526. 549. 554. 578. 623. 653. 678. 716. 717. 782. 830.
837. 854. 879. 911. 972. 988. 100511. 1019 sq. 1047. 1139. 1178. 1179.
1220. 1221. 1111.-)Ρ1.13. 25. 43. 108. 145. 171. 181. 190. 220. 228.
286. 313. 310. 382. 421. 436. 460. 498. 502. 507. 533. 540. 559. 572.
690. 642. 650. 701. 711. 728. 826. 834. 842. 929. 939. 956. 1003. 1032. ,
1048. 1135. 1140. 1153. 1175. 1207. 1212. 1220. 1231. 1246, 12521254.
1266. 1308. 1337. 1383. 1385. 1402. 1420.-11111311. 24. 58. 109, 3.
109,1o. 167. 209. 223. 227. 235,1. 238. 284,2. 352. 46111, 470,2.
5831. 675. 678, 12. 113, 1. 101. 830.

0. 'qui versus iniuria spurii iudicari videantur. ·

D. interpolatos videri hos versus: Ai. 321. 554b. 511. 834. 841111.
El. 61-66. 957. 1173. 1485. OR. 598. 670. 1303. 1397. 00. 95. 237-
257. 301-304. 614111. 76911. 862. 1190. 1626. 1716. 1111411. 313111.
905-913, 1080-1083. 1250. Τ1. 17. 84. 585. 601. 628. 684. 696. 745.

1069. 1165. Ph. 304. 1442-1444. - ΙΙ ex parte videri 11111111111111Α1.1
961111. 1402 sqq. Tr. 1251 sqq. Ph. 1452 sqq.

330. wesse1,Paulus. quaestiones Sophocleae. Progr. gym-

nas. Merseburgi 1870. 40. 23 pp.
explicantur hic illic artis criticae ratione habita 00. 26. 35. 59. 62.
63. 191. 241. 276. 218. 282. (p. 8.) 380 sq. (p. 9.) 402. 401 sq. 521 sq.
6636114665. (p. 12.) 1081. 1411. (p. 14.) Ant. 18sq. 207. 582-625
(praecipue 594. 596. 599-603.). (p. 11.) demonstratur grammatica versus

Ant. 280 ratio. (p. 18.) agitur (1111111111 interrogationibus posito. (p. 19.)
de Ant. 489- 490. (p. 20 sq.) 111 assimilatione. tp 21 sqq.) de Phil. 62.

331. wax, F. 0. Sophocleisohe analecten. Progr. gymn.

Schwerin. 1863. (8111111.) 40. 24 pp.
11. Lit terarisches Centralblatt 1864. nr 10.- Jahrbb. f. Philolog.

 

