98

. 225. 297. 329. 404. 425. 491.
320. 460.
414. 425.
425.
491.

11. INDEX LOGORUM Tsswrssossun.

ι Amaom

m*

311. 412. 422. 458. 491.
426. 458.
329. 422.

252.
226.
491.
286. 329.
412.
332.
289.

226. 239. 274. 317. 329.

428. 491.
299.

226.

217. 422.
329. 412. 422. 480.
230.

“ 226.
31 1.

438.

329. 422. 438.
226.

226. 292.
329.

333.

329.

449.

226.

425.

217.

279.

274.

330.

2463

329.
438, 458. 486.
458.

42⁸2!

vers.
229.

231.
233.
234.
235.
241.
243.
257 sq.
262.
263.
264.
265.
270 sq.
280.
286.
287.
289.
200.
292.
295.
296.
290.
300.
302.
305.
313.
314.
315. .
316.
320.
321.
324.
326.
332-382.
332.

, 333.

334.

335.

340.
342-351.
343 sq.
348.

349.

ΔΝΤῙΘΟΝΑΕ

nr.

447.

243. 438.
414.

414.

438. 471.
329. 332. 438. 491.
226.

414.

222.

311. 414. 426. 445.
· 414. 438.
414.

491.

330.

491.

230. 311. 329.
438.

230. 438.
226.

425.

425.

329.

329.

. 491.

491.

329. 491.
329.

471.

311.

226. 243. 438.
438.

226. 419.
320.

446.

425.

425.

445. 493.
243.,

491.

451.

438.

254. 437.
263. 437. 458.

 

