11. 1115111110501151111110111011111. 125

TRAOHINIARUM DEPERDITARUM FABULARUM

vers. nr. fragm. ’ nr.
1992. 291. Αιχμαλωιιιες 13. 199191.
1999. 329. 159. 52. 118.
1014. 286. 136. 51. 118.
1092. 215. Ἀκρίσιος 58. 285. 329.
1101. 233. ” 19, 185.
1199. 119. Ἀλήτης 91. 199.
1195. 136. Ἀλεάὸαι 106, 3. 234. 253.

1109.

1118.

1131..

1136.

1138.

1139.

1144.

1145 sq.
1155 sq.
1159-9. 1191.
1160.

1165.
1168-1113.
111814.
1199.

1292.

1298.

1229 sq.
1228.

1241.

1241.

1249.
1252-1218.
1255.

1299.

1251 sq.
1291.

1293. Ι
1299.
1219-v. 1219.

211 199, 1.
2.

139.

231.
236.

256. 109, 3. 329, 166.

284. 7.
285261. 10.
329. ll.
308. Ἀμφιάρεως 115.
149. Ἀνδρομέδα 132.
299 199.

399: Ἀτρεὺς 144 sq⁸
159, Ἀχαίαν σὸλλαγας 119, 1-3,

329. 149. 148.
220. 150.

329. 155.
274. Ἀχιλλέως ἐρασταί

199.
329.
199.
119.
191.

195. 191.
199.
312.
231.
111.
199.

v 736. 162, 1-4. 312. 779.

316. 6.

329, 6-8.

329. 8.
220. 260, 161.

214, Ἑλένης ἀπαίτησις 181, 2.

256. Ἐριφύλη 201.
240. 283.
149, Ἑρμιόνη 210.

111. 399.
329. 219.
111. 223.
311. 111. Θαμύρας 221.

229. 229, 1.
299. 2299,2.

-...., Θυέστης 2341.

235, l.

DEPERDITARUM FABULARUM 238·

fragm.

Αἴας Λοκρός 11, 2.

. Αἰγεύς 24. .

nr. Ἴναχος 251.
312. 277.
233. 310. 329. Ἱππόνονς 284, 2.

Ἡρακλῆς ἐπὶ Ταινάρῳ

219.
199.
312. 119.
329.
291.
291.

299. 312. 329. 195.

292.x

194.
329.
329. 195.
312.
181.
191.
329.
329.
115.
161.
323.

 

