102 11. nm3x 3030131321 111111111111.

mooun mooun

Vffi. nr. vm. ' ⁴ m·

1081.
1090.
1090.
1091.

“ 1108.

1100.
1110.
1-110.
1122 sq.
1128.
1131.
1138.
1139.
1119.
1100.
1100.
1100.
1101.
1100.
1112 sq.
1110.
1110 sq.
1118.

· 1110.

1102.
1180.
1100.
1102 sq.
1191 3q.
1101.
1203.
1200 sq.

1213- 1210.

1211.
1210.
1222.
1220.
1220.
1229.
1230.
1231.
1232.
1230.

111.
232.

233. 111.. 111.
111.

311. 133.

' 133.
333.

233. 311.

323.

311. 133.

230.

320.

110.

191.

230. 311. 108. 139.
20οζ 329.
230. 130.
220.

200. 191.
139.

230. 118.
101.

130.

320.

210.

311.

191.

308.

120.

113.

311. 320.

139.

193.
230. 120.

120.

213.

320.

230. 101.
191.

’ 103.
120. 130.
329. 120.
323. 120.

1212 sq.
1211.

1200.

1200.

1200.

1212.

1210.

1218 sq.
1281.

1281. ’
1200.

1209.

1301.
1312-1321.
1310-1322.
1310 sq.
1330.

1330.
1330- 1312.
1339.

1311.

1312.

1313.

1311.

1310.
1311-1302.
1310.

111.
111.

323.

111.

323. 111.
111.

111.

111.

111. 111. 111.
111.

111.

133.

111. 111. 131.
131.

113.

111.

111.

333.

113.

110.

333.

233. 333. 133.
333.

111. 133.

’ 111.
111.

111.

m.-

1111120313313

1-803.
1-001,
1-10.
11.

11.

20.

21.

22.

20.

21.

28.

030.
010.
302. 010.
021.

323.
280.

210. 329. 001. 012. “

111. ’111. 111.
111.

111.

111. 111.

 

