12. mnnx 11000121201 Tsswmonuu.

mmmm mmm

nr. vers. x nr.
000. 000. 0000. 000.
000. 10070q. 000.
000, 0000, 000.
000. 0000. 000.
000. 000. 000. 0000. 000. 000.
000. 0000. 000.
000000, 0000. 000.
000. 0000, 000.
000. 0000. 000.
000000. 0000. 000.
000. 0000. 000.
000. 0000, 000.
510. 1050. 000.·
000000000. 0000-0000. 000.
000000000. 0000-0000. - 000.
000. 0000. 225.
000. 0000. 000.
000, 0000. 000.
000, 0000. 000.
000. 0000. 000000. ’
000. 000. 0000. Ι 000.
000. 0000. 000000. 255. 000. 000.
512· 1025. 000.
000000000. 0000. 000000.
000. 0000. 000000.
000, 0000. 000000.
000, 0000. 000. 000. 000.
000, 0000, 000. 000.
000, 0000. 125. 000. 200. 000. 000.
000, 0000. 000, 512. 000.
000, 0000-0000. 000.
000. 0000. 000000.
000, 0000. 000000.
000000. 0000-0000. 000.,
000000. 1005. 000.
000. 0000. · 000.
000, 0000. 000000000.
. 000, 0000. 000.
000. 000, 0000. 000.
000-000. 000, 0000. 000.
000. 000. 0000. 522.
000-0000. 000. 0 11270q. 000. ·
0000. 000 000. Ξ 0000. 000.

 

