101

0678

365-367.

369.
370.
382.
390.
433.
434.
435.
436.
440.
444.

455. “

456.
466.
467.
479.
480.
489.
495.

495 - 499.

496,
407 .
501.
508.
509.
516.
525.
526.
526.
532.
533.
534.
536.
538.
551.
554.
556 sq.
560.
566.

567. “

571.
573.
589.

11. INDEX LOOORUM 21880282'0138'11.

Momm

nr.

281.
211. 282.
282.
323,
825.
288. 323.
233.
125. 218. 582. 821. .
582.
282.
218. 282.
512.
512.
218. 288. 582.
288. 582.
512.
512.
510.
218. 228. 512. 528. 532.
255.
218. 223. 215. 528. 582.
532.
, 211.
282188.
282.
215.
218.
218.
512.
282188. 510. 528.
282. 528.
218. 188.
282. 512.
218.
188.
218.
215.
323.
211.
282. 188.
323.
512.
281.

vers.
590.
591.
600.
604.
605 sq.
606.
610.

636.
647.
649.
650.
651.
657.

659.
676.
680-763.

681.
682.
686.
687.

690-695.

690.
691.
696.
698 sq.
709.
710.
716.
718.
724 sq.
726.
731.
736.
737.
743.
749.
757.
758.
759.
763.
770.
771.

3721702342

nr.

290.

512.

275.
224.

512.

510.
317.

510.
234.

510. 527.
329.

219. 532.
532.

510.

· 329.
299.

506.

512. 522.
512.

227. 290. 521.

521.
270.
512. 532.

329. 495. 512. 525. 532.

321.
524.

329. 334.

279.
329.
275.
512.
217.
527.
275.
521.

217. 219. 498. 512.

275.
329.
274. 329.
510.
246.
321. 528.
321.

 

