2134331131411331

vers.
111.
122.
126.
132 sq.
137-v. 139.
149. '
145.
131.
133.
133.
133.
137.
233.
211.
212.
259.
252 sq.
231.
233.
286.
233.
333.
312.
313.
316.
329.
321.
322.
323.
321.
331.
333.
352.
356.
358.
362.
363,
333.
377.
373.
330.
331.
383,

nr

311. 743. 731.
’ 115.

311. 334.
731.

731.

232. 323.
319. 733. 753.
334.

275. 323.
333.

333. 311. 323.
333.

233.

323.

323.

733.

743.

743.

333. 733.
233.

334.

233.

223.

319.

743.

233.

274. 233.

’ 319.

274.

230. 334.
333. 323. 743.
132. 274.
743.

743.

733.

743.

323. 743.
233.

334.

, 233. 319. 734.
323.-734.
233.
323.

Π. INDEX LOCORUM TRAOTATORUM.

TRACHINIARUM

vers.
391.

396.
199-1. 461.
108.

111.

118.

413.

433.

433.

443.

443.

160.

188 sq.

196.

591.

591 sq.
523 sq.
323.
529.
531.
511-1. 551.
518.
519. ¹
551.
561.
512.
513 sq.
518.
334.
533.
586.
581. .
691.
333.
314.
629.
621.
323.
621.
628.
333-v. 669.
333. '
342.

nr.
733.
743.
731.
743.
223.
233.
223. 230. 323. 737.
323.
334.
235.
119.
136. 119.
149.
118.
733.
132.
119.

228. 215. 323. 736.
218.
334.

731.

274. 733.
323.

274. 275. 323.
· 233.
333.
274.
323.

311.

323. 743.
'733.
114. 733.
323.
199.

233.

223.

132.

323. 743.
132.

323.

734.

323.

237.

 

