vers.
811.

812.

815.

, 816 sq.
821 sq.
833.

834.

835.

838.
839-844.
839-842.
839.

840.

841 sq.
852.

853.
854-858.
“ 854.

855.

887.

868.

889.

818.

879.

880.

881.

898.

981.

919.

921.

922. “

937.
938.
940.
941.
357.
960.
981-973.
. 981.
982.
964.

’ 111.

967.

1Ῑ. INDEX 13000131333 TRAc'rAToRUM.

mols

nr.

268. 385.
385.

231. 258.
231.

282.

238.

329.

385. 448.
385.

384.

252.

234. 278.
278.

231. 329.
234. 384.
252. 384.
231.

243. 323.
323.

254.

258.

274.

282.

248. 274. 350.
248. 385.
385.

282. 323.
354.

329.

111. 333.
333.
333.
303.

333. 111.

111. 111.
111.
111.

111. 111. 111.
111.

111. 111.
111.

111. 111.
111. ,

vers.
971.
978.
988.
992111.
994.
998.
1828.
1028-1839.
1031.
1844.
1848.
1050.
1858 sq.
1887-1070.

1871-1886.

1878.

1877.

1878.

1882 sq.
1085.

1188.
1102-1108.
1185 sq.
1113.

1117.

1128-1141.

1728.
1121 - 1124.
1129.
1131.
1133-1137.
1140.
1141.
1157.
1167.
1184.
1187.
1198.
1131.
1193.
1214.
1218.
1218.

mols

nr.
385.
353. 358.
231.

385.

274.

374.

374.

374.

275.

374. .
325.

325. ”

374.

374.

379.

231.

231. 321.
321.

374.

231.

231. 233.
270.

385.

358. 374.
225. 685.
239.

234.

379.

235. 288.
2211.
377.

379.

329. 379.
323.

282.

253.

354.

’ 354. 385.

329.
282.
328.
282.
282.

 

