11. INDEX LocoRUM TRACTA'PORUM.

omnn’. mals

nr.

362.

286. 329. 554. 571.
584.

556. 584.

302. 553. 595.
553,

566.

286. 556. 566.

,571. ·

329.

266.
595.
571. 584.
233. 573.
573.

270. 595.
276. 595.
239.

, 362. 556.
556. 571.
581.

132.

vers.
112.
114.
116.
117.
119.
120.
124.
124-706.
136.
133.
134.
136 sq.
139.
149. -
142.
147.
153 sq.
159.
161.
167.

593. 598. .
556, 7 .
362. 571. .
302. 584. 598, .

596.

573.

244. 256. 553. 573.
553.

553.

573.

573. 611.

611.

549, 611.

275. 584.
302. 564.

584.

244. 554. 573.
573.

258. 581.

606.

595.

189-292.
199.

191.

193 sq.
195.

196.

198.

199.
266.
292-215.

263-266.

294.
265.
269.

, 211.

167

ΟΕΒῙΡ. REGIS

nr.
599.
599.

392. 573. 611.

286. 573. 584. 599. 611.
573. 599.

329.

302.

546·

595.

566.

288. 566. 571.

584.

226.

566. 595. ’

556.

550.

598.

329.

573.

595.

573.

573.

393.

574.

329.

286.

286.

562.

132.

554.

314.

595.

244.

263. 275. 549. 573. 5819.
584. 595. 598.
573. 598.

364. 581 b. 595.
562.

571.

595.

. 286. 549. 595.
571.

595.

 

