100

vers,
587.
593.
’591-611.
594.
595.
596.
597.
598.

599- 603.

599.
600.
601.
691.
603.
694-615.

691-611,

601.
695.

’ 696.

607.

991-313

610.
611.

611.
613.
614.
615.

619.

611 - 611.
611.

617.

635.

618.

658 sq.
661.

673.

674.

675.

678.

680.

681.
683-687.
685.

11. INDEX 17000191119 mmmm.

ANTIGONAE

nr. vers.
139. 115. 696.

406. 699.
118. 700.

319. 3301319460. 480. 703.

395. 701.
319. 330. 395. 705.
106. 797.
115. 708-714.
330.’ 718.
119. 139. 158. 718 sq.
119319106139. 733.
193. 731 sq.
331. 191. 736.
106118. 737.
106. 710.
418. 711.
319117. 716.
3991191711. 751.
319. 395. 399173. 755.
130. 399115. 756.
191.7 757.
197115. 758.
395. 398110. 760.
398. 419. 781.
3111111158. 761.

130. 319. 395. 106. 158. 763.

339. 771.
175. 775.
199. 779.
399. 777. ι
329. 779.
971. 791.

. 160. 306. 311. 781.

139. 333.
139. 339,
419. 799.
425 799.
119. 399,
911. 393.
491. 393-331.
139. 917 sq.
119. 975.
311. 831 sq.

1117Ήο017111

nr.
458.
114.
185.
139. 191.
191.
319.
189.
455.

118191. 395. 439.

139.

116.

139.

119.

116.

115.

139.

139.

419.

115. 139.
199. 111. 139.
319. 111.
139139. 191.
319.

151.

119. 139.
139.

316.

171. 319.
116.

171.

115.

117, 117. 171.
118. 171. 189.
189.

391.

311. 193.
117. 198.
115.

449.

139.

139.

193.

151.

 

