1

11. 111111111 2030141111 33432420131111. 101

43213011411 13313011413

vers. nr. vers. ' nr.
334-333. . 423. 33 333.
333. 423. 332. 334.
333. 323. 333. 433.
342. 433. 333. , 243.
333. · 233443. 333. ’ 311.
331. 334. 323. 431. 331. 433.
332. 221. 332. 214.
333. 433. 433. 412. 333. 211.
334. 433. 412. ¹ 3333q. 412.
333. 311. 323. 312. 311.
331-331. ¹ 413. 314. 431.
331.· 214. 333. ’ 233. 243. 333.
332 sq. 423. 331. 334.
333-313. 413. 333. 423.
313. 334. 333. Ι 423.
312. 414. 333. . 423.
3133q. , 413. 1333. 433.
332. 441. 1332.·. 323.
333. . 423. 13134q. 433.
332 sq. 423. 1313. . 311. 323. 433.
888 sq. 433. 1313. 433.
333-323. 433. 1321. 132. 311.
888ὂ 423. 8888. 233. 323.
334-324. 433. 1331. 433. .
334-313. 413. 431. 1332. 231.
333-313. ‘413. 1333. 433. κ
888-888. 213. 323. 433. 433. 1334. 888. 888.
. 433. 433. 1333. 311. 333. 423.
333. 423. 1333. 311. 333. -
333. 423. 433. 1331. 234. 433..
313. 413. 1333 sq. ’ 433.
313 sq. 431. 1334. 433.
323. 233. 1333. 433. 431.
323-323. 433. 413. 1333. , 321.
323. 443. 1331. 321.
321. 311. 1333. 443.
331. 323. 1311. 433.
332 sq. , 431. 1313. 214. 433.
333. 443. 1313. 214‘
343. 333. 1333.-1333. 323. 433. 431.
341. 311. 333. 1333. 211.233.423.423.433.
343. 333. 1331. 233. 423. 423. 433.
343. 333. 1332 sq. 423.

 

