114

Π. INDEX LOCORUM 18407410111111.

“ 644646. 001017181 000112. 001017181

vers.
331.

332.
335.
336.
337.
337-343.
342.
354.
357.
366. ’
363.
365.
367.

368.
377-381.
377—383.
380.

381.

382.

384.

389.

390.

391.

392. .
399-409.
402.

403.

404.

405.

411.

415.

420.

424 sq.
444.

447.

450.

452.

453.

454.

457.
457-460.

nr. {vem
6851458. <
246. 0¹ 460.
670. 685. 475.
‘ 673. ι 479.
232. '480
665. 481.
685. 499.
258. 500-502.
659. 501.
302. 685. 502.
328. 504.
232. 510-548.
232.274.328.657. 512.
661678685. 517.
232. 274. 661. 678. 521.
661. 522.
250. 624. 523.
232. 274. 320. 330. 524.
666. 525.
330. 624. 628.
405. 653. 534.
274. 535.
677. 536.
246. 538.
828. 668.
085. 540.
636. 541.
328330. 661. 669. 547.
665. 550.
232. 330.,
“ 3361552.
682. 685. 554.
232. 329. 661.
286. 317. 658. 685. 7 662.
685. 565.
232. 286. 560.
232. 274. 570.
225. ι 675.
267. 669. 578.
267. 328. γ 580.
232. 267. 668. 583.
674. 4 587.
661. 663. ι 588.

539- 541.

551— 555.

nr.
329. 585:
329.
329. 627.
232. 674.
329. 674.
481.
653. -
246. 661.
362.
302. 329.
251. 685.
635.
635.
132.
232. 366. 339. 661.
306. 329. 330.
642.
329.
275. 657.
287.
584.
329. 635.

669. .

232.
669.
635. 659.

232. 274. “

232. 275. 334. 673. 634.
623.

661.

232. 637.

290. 329. 637.
238.

260.

232.

260. 661.

329.

661.

661.

653.

674.

674.

246. 251. 329.

 

