106 ιι. ιιιιιιι ιοὸοιιιιιι ιιιιοιιιοιιιιιι.
Ι

ww mm

vers. nr. veru. nr.
1146. 282. 1384-1441. 510.

1148. “ 282. 510. 1385. 132.
1156. ι. 329, 1394. 275. 287. 329.
1100. 325. 1395. 275. 512.
1170. 333, 1390. 213.
1171 sq. 270. 1409. 329.
1173. 329. 1413. 213. 329.
1179. 215, 1415. 329.
· 1180. 512. 1423. 275.
1205. 523. 1424. 329.

ιιοτ. 329. ιιι. 1151.1 195.
1220 sq. ιιι, 1419, · 498.
ιιιι, 282. 1448 sq. 510.
1226. ιιι 1119. 219.
12³1-1287. 508. 1151. 335.

1231-1241. 255. 1458. ’329.
1233, · ¹ 255, 1460. . 510.

1235. 256, 1408. 329. ,
1242. 534, 1471. 279.
1250. 5η, 1483. 329.
1251. 329. 534. 1485- 329. 495.
1252. 271, 1500. 233.
1200. 215195, 1508-1510. 298,

1279. 135.
1276. 231. 519.
1281. 217, 213. 314. 519. 512.

1282. 314. ’
1253¹ 125⁸ OEDIP. REGIS

1288-1234. 435. . , 550.
1288. 217. . 302. 543.
1304-1361. 321. . 573. 595.

——--——

1314. 279. . 329. 573. “
1322. 321, . 284. 559. 585. 811.
1323. 321. . 302.
1328, 213. 282. 496. . 566. 573.
1323. 246. 323. . 244. 543. 566. 573.
1331- 1335. 495. . 323.
1338. 329. . 553 sq. 573.
1339-1345. 495. . 302. 550. 573.
1341. 329. 321.
1357 sq. 512. 538.
1360. 329. . 321. 573. 811.
1304. 519. . 319. 573. 811.

 

