1'01'8.

104.
107.
109.
110.

113. .

117-206. 621.

118.
121.
133.
134.
138.
143.
144.

11. 1261662 LOCORUM 2220222016662. 113

OEDIP. comm

nr. vers.
294. 329.

571. 241.

237-257.

OEDIP. 0011016161

nr.
234. 329.
330.

669. 242-247. 661.
225. 242-244. 255.

233. 260. 275. 290. 329. 243.
622. 648. 674. 682. 252.

329. 258.

329. 260.

329661. 261.

329. 661 263.

225. 668. 669. 690. 269.
655. 270.

623. 669. 276.

144-150. 225. 277.

147.
148.
149.
150.
151.

278. 278.
658. 280.
679. 281.
320. 668. 282

250 sq.

626. 622.
626.

661.

226. 602.

626.

662.

626.

666.

266.

Ι666. 661.

661. 666. 666.
275. 626. 660.
666.

626.

262. 666.

666. 262-26‘4. 666.

152- 163. ι 669. 284.

155.
156.

603. 297.
663. 300.

156-162. 061. 301.

161.
162.
163.
172.
174.
175.
186.
188.
192.
194.

206. ,

214.
219.
220.

221. “
228. ·

229.

230.

674. 301 -304,

658. 302.

658.
320.
685.
266.
329. 645.
290. 666.

684. 303-307. 661.

317. 306.
571. 307.
258, 329. 308.
286. 309.
302. 313.
330669, 315.

66], 616qu κ

225. 320.

658. 321, .

666, 666.

670.

232. 290. 329. 686.
645. 686.

274.

283.

320.

623.

653.

290. 329. 653.
320.

680. 327-330. 660, ·
232. 328-389. 225,

335. 328.

232. 335. 623. 648.
674. 085. 329.
221623. 330.

6661166, Index tripla

329. 642. 609, 674.
680.

642. 660.

650.

 

