¹ 11. INDEX Locomm mcmofluu.

ORDIP. mols

vers,
1022.
1024.
1028.
1031.
1034.
1055.
1056.
1084.
1085

10861-1110.

1088.
1090.
1091.
1098.

1098- 1109.

1105.
1110.
1114.
1118.
1128.
1133.
1135.
1144.
1145.
1151.

1158- 1163.

1161.
1180.
1181.
1190. “
1195.
1201.
1204.
1208.
1209.
1210.

1213-1215.

1214.
1216.
1225.
1226.
1232.
1241.

nt.

288.
288.
329.
246, 329. 594. 598.
320584.
593.
260.
260. 286.
329.
556.
556.
584.
329.
222.
304.
594.
556.
285.
584.
684.
260. 554.
329.
132.
329.
214.
239.
244.
256.
246.
329.
519.
598.
559. 594.
611.
611. 681.
684.
560.
594.
329.·
321. 598.
240. 321.
329.
334.

0111311). umus

vers.
1244 - 1250.
1249.
1263.
1264.
1261.
1211.
1211 - 1214.
1213.
1214.
1216.

111

nr

244.
240. 283.
288. 329.
329.
541. 542.
250. 596.
239. 541.
541.
254.

1280. 220. 239. 260. 290. 329.
549. 598. 601 . 614. 616.

1281. 220. 598.
. - 284.

1289.

1293 sq.
1303.

1303 - 1300.
1304.
1301-1311.
1330.

1333.

1331 sq.
1319.

1311.

1341.

1348.
1349-1351.
1350 sq.
1353.

1351.

1359.
1318-1380. ·
1380 - 1382.
1382.

1383.

1388.

1389 sq.
1396.

1391.

1390.

1400.

1403.

607. 614.

321.

320.

605.

611.

304.

125. 329.
601.

545.

591 ὓ. 601.
329.

349.

329. 554.
292.

329.

601.

329.

601.

601.

239.

221.

329.

325.

239.

285.

239. 329.
239.

285.

334.

1409-1434. 240. 283. 286. 603. 611.

 

οοῑ. ’ ·

