116

vers.
790.

797.
800.
808.

811. ’

812.
813.

813-912.

814..
832.

839-842.
842 sq.

853.

854. ,

. 857.

858.

2 861.

862.
866.

886 - 945.

869.
870.
882.
885.
901.
902.

911-1022.

911.
912.
917.
918.
939.
946.
949.
954.
956.

’ 976.

989.
999.
1003. ,
. 1004.
1006.

11. INDEX LOCORUM TRAOTATORUM.

OEDIP· comm

omnm comm

nr. 17818.

653.

682.

225.

679.

232.

246.

218. 246. 294. 329.
661. 669. 679.
618.

294.

251.

252.

669.

252.

273. 668.

663.

232. 663.

- 294. 329. 661. 680.
294. 329.

232.

682.

658.

132. 286.

680.

294.

232.

218.

290.

661.

329.

232. 653.
653.

653. 668. 680.
238.

232.

623.

232.
246.
274.
285.
329.
258.
‹ 658.

1010.

1011.

1013.

1016.

1019.

1020.

1021.

1023 sqq.
1028.

1036.

1037.

1043.
1044-1095.
1044-1058.
1047.

1050.
1050-1053.
1054-1069.
1054.

1055.

1059.

1064.

1065.

1067.

1069.

1070. “
1074- 1084.
1074. ¹
1075 - 1070.
1076.

1077.

1078.

1081.

1081 - 1084.
1083.

1084.

1096.

1097.

1098.

1108.

1112.
1112- 1114.
1113.

nr.
286.
286. 329.
329.

306. 684.

. 329. 661,
674.

260. 329. 661. 674.
668.

335.

260. 274. 329.
274.

329.

630. 669.

639.

221. 639.

653.

639.

291.

630. 658.

329. 639. 680.
630.

630.

658.

639.

247.

658.

638.

630.

- 661.
251. 329. 337. 638.
337. 638.

638.

330.

658. 661.

218. 618.

329.

225.

661.

286. 329. 661.
246.

274.

661.

679.

 

