11. 13131022 200013012 2132022208011. 33

232130320 ¹ -22321301328

nr. vers. nr.
218. 203. 223. 223. Ι
218. 311.223. 223. 231. 230. 444. 223.
⁸ 220. 213. 444444. 444. 444.
031. 203. , 223. 238.
302. 223. 232. 200. 282. 230. 311. 223. 238.
232. 444. 220. 232. 203. 323.
232. 232. 444. 2213.
238. 283 sq. 330.
233. 444. 444. . 444.
444. 233 sq. 333. 444.
338. 232. 303. 220. 213. 444.
218.338.238.223. 303. 238.
233. 300. 230. 231.
218. 233. 303. 231.
223. 312. 238.
232. 3131q. . 231.
038. 313. 233.
323. 320. 231. ·
220. 321. 238. 231.
323. 238. 322. · 233.
’ 444. 311. 328. 311232.
283. 330. 233. 238.
444. 444. 444.
444. 320 sq. 444.
444. 322. 238.
232. 331. 132.
232. 332 sq. 238.
200. 330. 223.
323. 331. ' 230. 444.
233. 330. 444.
220. 303. 238.
232. 331-330. 220.
132238. 444. 444.
444. ⁴ 333. 311. 323.
233. 333. 238.
238. 338. 323. 280.
232. 380. · 233.
230. 382-303. 233232.
323. 382-3. 023. , 444.
444. 382-030. 203. 203. 232. 444. 231.
238. 382. 200. 223.
220. 383-388. 311.
233. 380. 323. 203. 233.

⁷*

 

