115 11. 11111111 5555151111 151511105511.

5111911. 511515 . 5111111. 511515

1515. ’ nr. vers. nr.
535-531. 225. 525 sq. 555.
591. 551. 555. 551. 255. 323.
531. 555. 595. 331.
531-531.· 351. 315. 233. 511.
595. 252. 315. , 551.
595. 559. 555. 511.
152. 215. 533. 551. ’ 515.
155. 513. 332. 333.
'101 sqq. 553. 553. 553. 595.
155. Α 519. 353-315. 511.
113. 533. 551. 555.
115-119. , 555. 551. 595.
513. 555. 515. 511.
122. 511. 511. 235. 5311.
151. 595. 595. 515. 511. 595.
155. 215. 535. 555. 311. 535.
111. 559. 591. 555. 195.
141. > 323. 551. . 551.
159. 591. 555. 515.
159. 555. 511. 531. 595. 333. 511.
111-159.. 551. 551. 955. 551.
112. 511. 535 sq. 533.
113. 551. 355. 323.
131. 555. 355. 331. 551. 511.
155. 555. 311. 511.
159. 251. 313. 533.
155. 511. 955. 551.
131. 535. 330. 323.
195. 555. 595. 995. · 213.
555. 991. 535. 511. 551. 511.
551. 532. 313. 955. 959.
591-555. 551. 955. 511.
353. 555. 555. 353. 531.
513. 552. 351. - 233.
311. , 555. 955. 233.
315. 251. 323. 555. 552. 315. ¹ 323. 553.
515. 555. 559. 555-955. ’ 233.
511» 255. 555. 511. 535. 951. 555.
515. ’ 511. 595. 951-999 559.
513. 511. 1555. 511.
322. , 215. 1555-1535. 233.
523. 531. ’ 1551 sq. 511.
551. 551. 1553. 511.

 

