123 1. mnnx LOGORUM 223322303331.

DEPERDITARUM FABULARUM ε DEPERDITARUM FABULARUM

fragm. nr. fragm. nr.
Κρέουσα 324. 791. Φρίξος 646. 795.
Κρὶσις 332. 785. Φρύγες 649, 4. 777.
Λάκαιναι , 337. “ 772. incertae sedis 669, 2. 236.
338. 766. 673, 2 et 3. '236

339, 778. 782. 253. 291.

Λήμνιαι 352. 323. 999. 329. 992999.
Μυσοι 334. 233. 373, 12. 323.
Ναύπλιος 377, 2. 288762791. 682, 2. 236.
399. 999. . 3332. 233.

381. 235. 688. ’ 791.

Νιόβη 333-430. 999. 3, v. 2. 299, 999.
Νιπτρα 499. 299, · 331. 329.
409. 795. 692. 766.
[133333334423-423. · 999, 333. 992,
Πηλεύς 994, 992. 999, ι, 992. 733.
Ποιμὲνες 461 b. 329. 780.
1102.3·30; 999. 239. 233. 993, 9. 323.
762. 778. 716. 780.

Πολυξένη 499, 2. 323. 999, 4. 9999.
Ριζοτόροι 481 ²². 762. 766. 728. 705.
Σαλμωνεύς 483. 772. 736. 780.
Σκύριοι 501. 778. 747. 766.
³ Τηρεύς 514, 1. 762. 757, l. , 762.
’ 515, 1. 310. 774. 759. 781.
517. 775. 760. 285.

517 v. 9. 791. 761. 329.

Τριπτόλεμος 534, “ 766. 789. 778.
6333 553. 999, 1 992. 999.
Τύρπανισταί 535. 800. 819. 288.
Τυνδάρεως 572, 3. 768. 789. 829. 289.
Τυρώ 9999. ’ ‘323. 330. 323.
683¹). 790. 844, 3. 780.

589. 779. 862. 778.

Ὕβρις 595. 795. 894. 233. 283.
Φαίδρα 609, 2. 795. ι 312. 792.
610. 274. 905. 778.

, 614. 274. olim *9l7. 773.
Φθιώτιὸες 622. 792. 948. 778.
624. 233. 792. 904. 791.

*—

 

