11. INDEX LOOORUM TRAOTATORUM. 121'

2121120023233

nr.

323. 723.

125.

320.

255.

724.

231. 320. 323.
245.

704.

090.

245.

308.

225.

323.

330. 333. 730.

730. ’

. 227. 325.
274.

030.

274. 323.

730.

231.

,329.

7235

231.
130.
727.
383.
730.
033. 730.
280.
339. 230.
231.
266.
023.
316.
328.
329.
329.
328.
329.
308.
225.
329.

PHILOC'I'ETAE

vers.
1032.

1030-3. 1044.

1048.

1055.

1068 sq.
1081-1169.
10903
1090-1093.
1091.

1092.

1093.

1099.

1119.

1128.

1135.

1139.

1140.
1140“- 1143.
1140-1146.
1141.

1146.

1147.

1149.

1153.

1102.

1163. ‘
1164.

1165.

1175.

1207.

1212.

1218.

1220. ·
1224.

1231.

1241.

1244.

1240.
1250- 1253.
1251.

1251 - 1250.
1252.

1254.

nr.
323.

’ 308.
225. 329.
291.

·· 308.

335. .

728.

204.

728.

227. 243. 252. 263.
125. 243. 252. 263.
. 218.

225. 716.

320. ⁸

323.
217.

274. 323.
220.

275.

205.

728.

233. 728.
324.

323.
274.

202. 523.
333. 023.
275.

323.

320.

320. 033. .
523.

323.

225.

235. 323.
230.

225.

323.

220.

132. 030.
225.

323. 033. 530.
323.

 

