286

290.
295.
296.
297.
300.
301.
305.
310.
312.
314.
321.
327.
330.
341.
344.
346.
346 - 595.
350.

’ 351

3551

ΙΙ. INDEX LOCORUM TRAOTATORUM.

AIACIS

nr.

292. 294. 341.
294.

325. 341.

292.

341.

282. 358. 385.
341

231. 306

274

341

254. 341

333

231. 329. 348
341

341. 385

385

290.

275. 279. 358
341

341

341

132

132. 2211. 341. 374.

341
231. 383.
385

385

341

282

341

132. 335
= 341
231

221 a. 290. 329
341

325

341

385

2211.

347.

vers.

356-360.

350.
357.
360.
366.
371.

372-376.

375.
377 sq.
379.
382.
384.
386.
398.
399.
402.
403.
404.
405.

406.
417.
418.
419.
430.
433.
435.

438-443.
433 - 480.

441.
442.
443.
445.
448.
451.
455.
458.
460.
461.
467.

111. 111. 111.
1111. 111. 111.
1111111. 1 111.

mols

nr.
294.

3411.

385.

260. 3411. 358. 3861).
3411.

3411. 385.
231. 385.
3411.

. 385.

3411. 374.

132.

· 3411.
3411.

3411. 354.

’ 114.

329.

385.

243. 212. 335.
231. 255. 260. 3411. 354.
358. 335.
215.
329.
370.
3411.
3411
2211. 282. 329.
282.
3411.
343.
237.
237.
310.
3411.
3411.
3411.
3411.
3411.
3411
282.
232.
260.
3411.
274.

 

