118

11. mom 1100011331 TRAOTATORUM.

OEDIP. COLONEI

vers.

1489. ’
1196.
1491-1499.
1133.

1199.

1511.

1524.

1526.

1531 sq.
1533.

1531.

1534- 1538. ¹

1535.

1536- 1538.

1536.
1551.
1556-1516.
1556.
1560.
1561.
1562.
1563.
1565.
1566.
1561.
1568.
1510.
1511. -
1512 sq.
1514.
1515.
1519.
1583.
158-1.
1585.

Α 1596 sq.
1619.
1626.
1632.
1635.
1636.

1638- 1646.

nr.
325.

OEDIP. 001701131

1373.
1343.

329. 1 1611)-1642.

663.

211.

255.

331. 661.

238.

661.

286.

619.

214. 323. 651. 668.
669.
661.
334. 668.
329.
668.
215. 661.
255. 626.
669.
255. 215. 324. 329.
255, 364. 323.
331.

125.

215. 323.

215. 333.

669.

215.

215. 669.

255.

215.

215. 323.

271.

329.

661.

323. 661.

661.

371.

215.

323.

285. 323.

271.

273.

233.

1343 sq.
1652.
1662.

1370-1373. ,
1373-1130.

1373.
1373 sq.

1330-1632.
1685- 1681.
1689-1691.

1691.
1333.

1693- 1698.

1695.
1696.

1691 - 1699.

1699.

1166- 1162.

1733.
1712.
1713.
1713.
1722.
1727.
1730.
1731.
1732.
1733.
1731.
1733. ·
1712.
1713.
1743-1750.
1731-173-3.
1732.
1773.

1773-3. 1186.

nr.

213. 215. 323. 331.
661.

286.

619.

214. 668.
632.

629, 636. ·

221. 233.
333.
332.
331.
331.

323.

323. 333.

332.

313. 333. 331. 333.
333.

331.

217. 323.

331.

333.

332.

250. 323.

323. 333.

323.

353.

333.

332.

232.

332.

232.

333.

333.

333.

331.

’ 881.

111, 323. 333.

. 323.

x233.

 

