11. mom< Locomm T'RAcmonun. 115

. OEDIPODIS OOLONEI OEDIPODIS OOLONEI

vers. nr. vers. nr,
589. 125266274. 686-691. 232.
596. 232251. 274. 362, 689. 625.
594. 232. 699. 6481).
599. 256. 691. 625. 682.
663. 661. 692666. 625.
610. 257. 695. 366. 684.
612. 232. 696. 6481). 684.
614 66. 329. 697. 682.
616. 362656. 696. 218289. 616625.
617. 362. 656. 628. 664. 682.
624. 232. 698-761. 232.
625. 246. 766. 627.
628. . 623. 701-703. 255.
635. 656. 761. 625. 627. 669.
636. 679. 762. 329. 668. ‚
637. 679. 666. ῑο3. 329. “
646, 653. 768. 6481.
646. 225. 769. 625. 6481.
656. 232. 716. 625. 6481).
653. 362. 711. 216. 616. 6469. 664.
655. 329. 716. 6461).
658. 132. 293. 361. 329. 661. 718 sq. 625.
666. 666. 679. 684. 721. 286. 329.
659. 293. 661. 728. 225. 232,
661. 232. 729. 232.
662. 674. 73566. ¹ 294.
663. 336. 749. 329.
664-667. 232. 751. 219. 232.
66466. 336. 752. 618.
666-719. 664. 753. 232. 266.
667. · 625. 753-757. 661.
669, 6489. 755. 275.
67666. 625. 755-769. 321.
673. 625. 758. 232.
674. 623. 6256481). 759. 232. 658.
675. 625. 232.
676. 658, ι 329.
677 66. 625. 329.
689. 625. 666.
683. 366. 625. 6481. 679.
666. 6481). ι . 329. 682.
687. 682. 7”. 329.
686. 221. 232.

 

