11. mmlx 17000161121 TRAGTATORUM.

mels

vers. nr.
419.
483.
485.
488.
491.
494.

455.

131.
3418.
, 3418.
3418.
218.

Δ 381.
256. 290. ,3418. 381.
381.
3418.
323. 3418. 314.
323. 314.
3418.
. 385.
, 3418.
221.
329.
299.
,3418.
3418.
3418.
182. 329
3418.
110. 212. 319, 3418.
212.
3418. 361.
3418. 282.
, 385.
3418.
111.
116319.
288. 3418.
349.
292.
292. 3418.
255341.
255. 114. 3418. 386. 389.
3418.
3418.
3418.
3418.
3418

496.
491.
501.
510.

’ 511.
511.
616 sq.
519.
521.
524.
sal-540.
534.
536. ’
543.
546.
549.
554. .
555.
556.
559.
564.
589.
510.
511.

’ 572.
518 88.
596.
591.

671]

7
7⁴

3418. Ι 613.

8ῡοῖ Ι 696. ’

95

mols

1819. nr

3418.

385.
3418.

358.
ι 319. ’
634. 3418.
636. 3418.
646-692. 340. 355. 36388. 310. 311.
646. 334.
641. , 3418.
649. 3418.

614.
615.
621.
618.

656.

651.

651.

653.
651-891,
666.
61188Ὶ
611.

385.
358.
3418.
316.
341.

. 3418.
219.
214.
329.
181.
341 8.
381.

679.
696.
689.
699.
791.
714.
719.
729.

354.
385.
385.
225.
385.
329.
190. 314.
143. 329.

145 sq.
155.
158.
110.
111.
111.
183.
188.
192 88.
195.
196 sq.
198.
199.
800.
802.

277.
926.

277.

382.

972.

319.

385.

260. 378. 385. 694.
279. 118318.
276.

329.

 

329. '

