112 11. 1166111160661361116163120131111.

OEDIP. REGIS

vers· l nl'.
11165q. 261.

1414. . 239.

1416. 329. 553. 584.

¹ 1419-1114. 263.
1411. 553.

1423. 329.
1424-1431. 666. 611.
1429. 266.
1436, 292.
1437.

1445-1449Ῑ 551.
1447 sq. 266.

1451- 1458. 239.

1454. · 584.

1458. 607.
1466. 554.

1463. 329.
1476. 329.
1483 549.

’ 1451 sq. 661.
1166-1166. 331.
1491. 114.
1493. ’ 266.

561. 563.
1165. 561. 562.
1166. · 611.
1166. 326. 534.

1511- 1514. 667.
219. 266. 288. 334. 589.
246. 326. 592.

1494.

1511.
1511.
1513.
1515-1523. 236.
1516. 266.
1523. . 266.
1521. 271.
1521-1536. 236.
1525. 233. 266.
1526. 221. 111319. 563.
1521. 233.
1526. 139. 334. 595.
1519. 595.

256. 271.
1444. 329.

125. 592.

vers.

016an. 0011016161

nr.

1 -26, 634.

9

9-11.

11.
17.
16.
21.
22.
26.
28.
36.
33.
31.
35.
42.
43.
44.
45.

47.

46.

54.
56.
57.
59.
61.
62.
63.
64.
65.
69.
70.
71.
75.
76.
77.
78.
79.
92.

85, ⁸

679.

362. 665.

218. 618.

362. 667.

225.

225.

246. 679.
336. .

661.

618.

225.

274. 974.

336.

362.

685.

661.

238. 258. 362. 326.

673. 679.

225. 275. 368. 661.

663. 685.

368. 661.

225.

661.

362.

232.

336.

218. 618. .

149. 336. 611.
339. 666.
656.

362. ¹
362.
661.
391. 661.
115155. 391. 951.
266. 661.
391.
656.
362. 326.
225. 362. 665.
326.

191 sq. 194.

 

