n. 10000000000002000202010011. 119

001000211200 1 “ 2223322222

1

, vers. nr. vers. ⁹ nr.
1 202. 121. 320.

3sq. 202. 1 120. 225.

90q. · 2021120. 220. 020.

0: 13113· 00
20. 225. 1 102. 233
22. 223. 232. 220. 100. 220.
0· ¹ ³²⁹0} 110· ²⁴⁷· ⁷2⁵0·
20. 250. j 100. 320. 000. 220.
23. 223. 230. 252. 202. 1 2150q. 223.
222. 223. 230. f 220. 200. 200. 323.
30. 233. 1 221. 20.
01. 222. 222. 214.
32. 000. 232. 2 224.. 234.
33. 202. ¹ 220. 200. 020. 000. 224.1
32. 334. , 233. 233.

43. 323 102. ; 221. 220. ¹
05-v. 02. 202. , 223. 225.
00⁵⁶· 10· 1 03· 02·
53, 1 20·-..20. , 20:
22. 231. ' 200-0. 205. · 308.
01 sq. 730. 1 200. 201.
100-v.110. 000. , 000. 220.
100. 225. Ἰ 300. 020.
100. 020. ι322. . 102.
100-111. 300. 010. 320.
110 sq. 230. J 010. 029.
125. 231. 323. 230.
125-130. 000. ; 333. 233.
120. . 220. 343. 205.
100. 220. ε 300. 250.
100. 223.Ξ 333. 210.
101. · ¹351. ·.
105. ‡ 111. f 302. 32311
116. 220. i 000 sq. 223.
102. 000. 200. 001-0. 001. 113.
100. 220. 220. ἰ 333. 225.
. . . .
0: 10:100: ἓξὲξ
232. 223, · 423. .
233.ι 220. 210. 1422. 200. 1121

 

